22222222222222222222222222222222222222222222222222
22222222222222222222222222222222222222222222222222
22222222222222222222222222222222222222222222222222
22222222222222222222222222222222222222222222222222
22222222222222222222222222222222222222222222222222
22222222222222222222222222222222222222222222222222
22222222222222222222222222222222222222222222222222
22222222222222222222222222222222222222222222222222
22222222222222222222222222222222222222222222222222
22222222222222222222222222222222222222222222222222
22222222222222222222222222222222222222222222222222
22222222222222222222222222222222222222222222222222
22222222222222222222222222222222222222222222222222
22222222222222222222222222222222222222222222222222
22222222222222222222222222222222222222222222222222
22222222222222222222222222222222222222222222222222
22222222222222222222222222222222222222222222222222
22222222222222222222222222222222222222222222222222
22222222222222222222222222222222222222222222222222
22222222222222222222222222222222222222222222222222
22222222222222222222222222222222222222222222222222
22222222222222222222222222222222222222222222222222
22222222222222222222222222222222222222222222222222
22222222222222222222222222222222222222222222222222
22222222222222222222222222222222222222222222222222
22222222222222222222222222222222222222222222222222
22222222222222222222222222222222222222222222222222
22222222222222222222222222222222222222222222222222
22222222222222222222222222222222222222222222222222
22222222222222222222222222222222222222222222222222
22222222222222222222222222222222222222222222222222
22222222222222222222222222222222222222222222222222
22222222222222222222222222222222222222222222222222
22222222222222222222222222222222222222222222222222
22222222222222222222222222222222222222222222222222
22222222222222222222222222222222222222222222222222
22222222222222222222222222222222222222222222222222
22222222222222222222222222222222222222222222222222
22222222222222222222222222222222222222222222222222
22222222222222222222222222222222222222222222222222
22222222222222222222222222222222222222222222222222
22222222222222222222222222222222222222222222222222
22222222222222222222222222222222222222222222222222
22222222222222222222222222222222222222222222222222
22222222222222222222222222222222222222222222222222
22222222222222222222222222222222222222222222222222
22222222222222222222222222222222222222222222222222
22222222222222222222222222222222222222222222222222
22222222222222222222222222222222222222222222222222
22222222222222222222222222222222222222222222222222
22222222222222222222222222222222222222222222222222
22222222222222222222222222222222222222222222222222
22222222222222222222222222222222222222222222222222
22222222222222222222222222222222222222222222222222
 226 0 380 0 0 0 0 0 299 299 0 0 0 0 0 0 0 0 0 0 0 0 0 0 0 0 0 0 0 0 0 0 0 0 0 0 0 0 0 0 0 0 0 0 0 0 0 0 0 0 0 0 483 0 0 0 0 0 0 0 0 0 0 0 0 471 0 0 0 494 299 0 0 221 0 0 221 0 0 521 520 0 345 387 0 0 0 0 0 441
 758 612 541 451 360 541
 562 562 562 562 562
 451 649 649 649 343 343 433 433 899
 271 271 271 271 523 523 523 608 608 771
 526 526 526 526 526
 319 319 356 413 249 207
 207 713 282 713 713 563 563
 337 337 489 489 821
 71 789 582 601 506 338 526
 526 526 526 526 526 526 526 526 526 526
 244 282 375 450 394
 713 713 713 337 337 489 489 821
 582 582 582 582 601 338 526 432
 244 244 244 244 530 530 530 531 531 846 846 394 244
 317 0 223 0 0 0 0 0 319 319 0 0 0 0 319 0 0 0 0 0 0 0 0 0 0 0 319 0 0 0 0 0 0 0 0 0 0 0 0 0 0 0 0 0 0 0 0 0 600 0 0 600 550 0 0 0 0 0 0 0 0 0 0 0 0 500 0 450 0 500 0 0 500 200 0 0 200 0 500 500 500 0 300 0 250 0 0 0 0 450
 250 0 0 0 0 0 778 0 333 333 0 0 250 0 250 0 500 500 500 0 0 0 500 500 500 500 278 0 0 0 0 0 0 0 0 0 722 0 0 722 722 0 0 0 0 0 722 0 0 0 0 556 0 0 0 0 0 0 0 0 0 0 0 0 0 444 500 444 0 444 0 0 500 278 0 0 278 778 500 500 0 0 333 389 278 500 0 722
 713 244 244 282 375 713
 338 394 394 526 526 244
 588 638 588 244 244
 562 562 562 562 562 562 562 562 562
 500 550 500 300 550 550 250
 250 800 550 549 550
 317 0 223 0 0 0 650 0 319 319 0 0 0 0 0 0 0 0 562 562 0 0 0 0 0 0 0 0 0 0 0 0 0 0 0 650 0 600 550 700 0 250 0 0 0 750 0 0 600 0 0 600 550 0 0 0 0 0 0 0 0 0 0 0 0 500 0 500 550 500 300 550 550 250 0 0 250 800 550 549 550 0 350 500 300 549 0 0 500 500
 444 556 444 333 500
 250 0 0 0 0 0 0 0 333 333 0 0 0 0 0 0 0 0 0 0 0 0 0 0 0 0 0 0 0 0 0 0 0 0 0 722 722 0 0 0 0 389 0 0 0 0 0 0 611 0 0 0 667 0 0 0 0 0 0 0 0 0 0 0 0 500 0 444 556 444 333 500 0 278 0 556 278 0 556 500 556 0 444 389 333 556 0 0 0 500
 278 0 0 0 0 0 0 0 333 0 0 0 0 0 0 0 0 0 0 0 0 0 0 0 0 0 0 0 0 0 0 0 0 0 0 0 0 0 0 0 0 0 0 0 0 0 0 0 667 0 0 667 611 0 0 0 0 0 0 0 0 0 0 0 0 556 0 556 0 556 0 0 611 278 0 0 278 0 611 611 611 0 389 0 333 0 0 0 0 556
 226 0 0 0 0 0 0 0 312 312 0 0 0 0 0 0 0 507 0 0 0 0 0 0 0 0 0 0 0 0 0 0 0 0 0 0 0 488 0 0 0 0 0 0 0 0 0 0 0 0 0 0 0 0 0 0 0 0 0 0 0 0 0 0 0 0 0 0 0 503 0 0 0 246 0 0 0 813 537 0 537 0 355 0 347 0 0 0 459
 226 0 0 0 0 0 0 0 303 303 0 0 0 0 252 0 0 0 0 0 0 0 0 0 0 0 268 0 0 0 0 0 0 579 0 0 0 0 0 0 0 252 0 0 420 0 0 0 0 0 0 459 0 0 0 0 0 0 0 0 0 0 0 0 0 0 0 423 0 498 305 471 525 0 0 0 230 0 525 0 0 0 349 391 335

0 2277
0000000203 65535 
